    Nodes    |    Current Node    |     Objective Bounds      |     Work
 Expl Unexpl |  Obj  Depth IntInf | Incumbent    BestBd   Gap | It/Node Time

     0     0 -12236.225    0   95 2369.57237 -12236.225   616%     -    0s
     0     0 -12236.206    0   99 2369.57237 -12236.206   616%     -    0s
     0     0  531.85629    0   96 2369.57237  531.85629  77.6%     -    0s
     0     0  558.75879    0   97 2369.57237  558.75879  76.4%     -    0s
     0     0  558.75879    0   97 2369.57237  558.75879  76.4%     -    0s
     0     0  572.10668    0  101 2369.57237  572.10668  75.9%     -    0s
     0     0  572.10668    0  101 2369.57237  572.10668  75.9%     -    0s
     0     0  575.77767    0  101 2369.57237  575.77767  75.7%     -    0s
     0     0  575.77767    0  101 2369.57237  575.77767  75.7%     -    0s
     0     0  576.74242    0  101 2369.57237  576.74242  75.7%     -    0s
     0     0  576.74242    0  101 2369.57237  576.74242  75.7%     -    0s
     0     0  577.20964    0  101 2369.57237  577.20964  75.6%     -    0s
     0     0  577.20964    0  101 2369.57237  577.20964  75.6%     -    0s
     0     0  577.26067    0  101 2369.57237  577.26067  75.6%     -    0s
     0     0  577.26067    0  101 2369.57237  577.26067  75.6%     -    0s
     0     0  577.28911    0  101 2369.57237  577.28911  75.6%     -    0s
     0     2  577.28911    0  101 2369.57237  577.28911  75.6%     -    0s
 14445  4534 2369.30994   33   25 2369.57237 1163.83474  50.9%  30.1    5s
 30626 10272 2333.77236   41   49 2369.57237 1594.61194  32.7%  27.2   10s
 45999 15002     cutoff   46      2369.57237 1784.35834  24.7%  25.6   15s
 61387 19360     cutoff   38      2369.57237 1872.99543  21.0%  24.7   20s
 73029 22766 2256.26082   45   81 2369.57237 1929.03940  18.6%  24.0   25s
 88444 27048     cutoff   47      2369.57237 1972.88711  16.7%  23.4   30s
 102694 30795 2368.78988   44   36 2369.57237 2009.33014  15.2%  23.0   35s
 117473 34720 2303.09577   42   64 2369.57237 2044.49556  13.7%  22.6   40s
 132881 38768 2346.14400   41   48 2369.57237 2067.80854  12.7%  22.3   45s
 147377 42136 2344.78425   47   80 2369.57237 2088.42741  11.9%  21.9   50s
 162650 46269     cutoff   43      2369.57237 2107.57189  11.1%  21.7   55s
 176953 49951 2282.23057   36   49 2369.57237 2123.62995  10.4%  21.6   60s
 192435 53684     cutoff   46      2369.57237 2138.40231  9.76%  21.4   65s
 203873 56103 2368.81730   43   50 2369.57237 2146.87221  9.40%  21.2   70s
 219380 60150 2228.66994   44   62 2369.57237 2157.80564  8.94%  21.1   75s
*234134 64119              53    2369.5684517 2164.58667  8.65%  20.9   79s
*234145 64113              55    2369.5666619 2164.58667  8.65%  20.9   80s
*234146 64113              55    2369.5666600 2164.58667  8.65%  20.9   80s
 249891 68245 2356.85577   45   35 2369.56666 2172.25261  8.33%  20.8   85s
 265465 71817 2359.41851   42   48 2369.56666 2180.66072  7.97%  20.6   90s
 279939 75601     cutoff   48      2369.56666 2187.41510  7.69%  20.6   95s
 295318 79784 2197.91412   34   37 2369.56666 2193.62495  7.43%  20.5  100s
 310695 83448 2367.81757   50   43 2369.56666 2199.20937  7.19%  20.4  105s
 326092 86670     cutoff   38      2369.56666 2204.17648  6.98%  20.3  110s
 340336 90631 2260.00503   45   49 2369.56666 2208.52431  6.80%  20.2  115s
 356129 94201 2290.32481   44   65 2369.56666 2213.22918  6.60%  20.1  120s
 370957 97626 2363.53068   42   36 2369.56666 2217.53283  6.42%  20.1  125s
 380427 99795     cutoff   42      2369.56666 2219.80228  6.32%  20.0  130s
 395196 103787 2347.48204   37  100 2369.56666 2223.40760  6.17%  20.0  135s
 410226 107576 2345.88729   42   36 2369.56666 2226.83922  6.02%  19.9  140s
 425073 110520 2363.49722   42   49 2369.56666 2229.98484  5.89%  19.9  145s
 440192 114114 2360.45402   42   64 2369.56666 2233.26424  5.75%  19.8  150s
 454971 117621 2344.88988   49   64 2369.56666 2236.66387  5.61%  19.8  155s
 470042 121124 2301.99227   39   81 2369.56666 2239.33486  5.50%  19.7  160s
 485051 124749     cutoff   46      2369.56666 2241.94771  5.39%  19.7  165s
 499489 127990 2347.83409   39   37 2369.56666 2244.11996  5.29%  19.6  170s
 514731 131457 2368.45387   51   80 2369.56666 2246.28057  5.20%  19.6  175s
 529991 134874 2369.41639   62   43 2369.56666 2248.30701  5.12%  19.5  180s
 545512 137980 2324.78526   42   64 2369.56666 2250.50206  5.02%  19.5  185s
 559973 141299     cutoff   45      2369.56666 2252.37715  4.95%  19.4  190s
 570437 143327     cutoff   41      2369.56666 2253.74298  4.89%  19.4  195s
 585256 146412 2364.01480   47   81 2369.56666 2255.68476  4.81%  19.3  200s
 600547 150071 2346.20705   40   16 2369.56666 2257.43728  4.73%  19.3  205s
 614845 153001 2354.13674   37   55 2369.56666 2258.93834  4.67%  19.3  210s
 630503 156295     cutoff   40      2369.56666 2260.74981  4.59%  19.2  215s
 645318 160008 2366.38590   41   49 2369.56666 2262.29211  4.53%  19.2  220s
 660674 163174 2343.69311   39   64 2369.56666 2263.97594  4.46%  19.2  225s
 675697 166305     cutoff   50      2369.56666 2265.60612  4.39%  19.1  230s
 690754 169664 2340.44327   45   64 2369.56666 2267.07482  4.33%  19.1  235s
 705593 172903 2358.19172   41   81 2369.56666 2268.35258  4.27%  19.1  240s
 720085 175837     cutoff   37      2369.56666 2269.69526  4.21%  19.1  245s
 734688 179040 2346.34707   48   37 2369.56666 2271.10555  4.16%  19.0  250s
 749452 182342 2368.74679   52   26 2369.56666 2272.24001  4.11%  19.0  255s
 764827 185474     cutoff   45      2369.56666 2273.50873  4.05%  19.0  260s
 775002 187540 2343.40731   42   49 2369.56666 2274.42442  4.02%  19.0  265s
 790681 190533     cutoff   38      2369.56666 2275.73815  3.96%  18.9  270s
 805498 193298     cutoff   37      2369.56666 2276.97990  3.91%  18.9  275s
 820456 196288     cutoff   45      2369.56666 2278.01233  3.86%  18.9  280s
 834917 198911 2367.71828   47   64 2369.56666 2278.92853  3.83%  18.9  285s
 850439 201796 2345.23031   42   65 2369.56666 2279.91399  3.78%  18.8  290s
 864793 204834     cutoff   41      2369.56666 2280.82197  3.75%  18.8  295s
 879972 207790 2368.47379   41   64 2369.56666 2281.82277  3.70%  18.8  300s
 894462 210649     cutoff   51      2369.56666 2282.69287  3.67%  18.8  305s
 910080 213528 2369.05175   45   47 2369.56666 2283.61794  3.63%  18.7  310s
 923783 216147 2366.43174   43   50 2369.56666 2284.49080  3.59%  18.7  315s
 938712 218732 2298.99402   37   49 2369.56666 2285.37518  3.55%  18.7  320s
 949781 221018 2322.94450   47   65 2369.56666 2285.97594  3.53%  18.7  325s
 965394 223670     cutoff   38      2369.56666 2286.84103  3.49%  18.6  330s
 980188 226354 2337.28111   38   81 2369.56666 2287.70442  3.45%  18.6  335s
 993421 228779     cutoff   44      2369.56666 2288.35110  3.43%  18.6  340s
 1008599 231483     cutoff   45      2369.56666 2289.19434  3.39%  18.6  345s
 1023762 234246     cutoff   42      2369.56666 2290.01134  3.36%  18.6  350s
 1038790 236819 2315.96825   39   49 2369.56666 2290.73395  3.33%  18.5  355s
 1054047 239558 2367.67775   42   49 2369.56666 2291.56540  3.29%  18.5  360s
 1067537 242015     cutoff   41      2369.56666 2292.17315  3.27%  18.5  365s
 1082181 244679 2362.76769   43   64 2369.56666 2292.87332  3.24%  18.5  370s
 1097545 247347 2368.43987   49   36 2369.56666 2293.57497  3.21%  18.5  375s
 1112125 249976 2345.00456   46   65 2369.56666 2294.27347  3.18%  18.4  380s
 1120323 251500 2364.63467   46   36 2369.56666 2294.68333  3.16%  18.4  385s
 1135175 254648 2361.24109   46   36 2369.56666 2295.28168  3.13%  18.4  390s
 1150053 257282 2351.06420   41   65 2369.56666 2295.94080  3.11%  18.4  395s
 1164871 260203 2368.57309   43   81 2369.56666 2296.52404  3.08%  18.4  400s
 1179987 262847     cutoff   54      2369.56666 2297.15645  3.06%  18.4  405s
 1194899 265265     cutoff   41      2369.56666 2297.83548  3.03%  18.4  410s
 1209840 268148 2360.28994   46   49 2369.56666 2298.47449  3.00%  18.3  415s
 1224293 270728 2315.67848   43   80 2369.56666 2299.02281  2.98%  18.3  420s
 1239436 273239     cutoff   45      2369.56666 2299.61937  2.95%  18.3  425s
 1254719 276088     cutoff   52      2369.56666 2300.21164  2.93%  18.3  430s
 1269361 278582 2318.10273   40  100 2369.56666 2300.78622  2.90%  18.3  435s
 1283787 281234 2365.80525   51   49 2369.56666 2301.26730  2.88%  18.3  440s
 1299246 284028     cutoff   49      2369.56666 2301.87494  2.86%  18.3  445s
 1314629 286710 2368.26250   43   26 2369.56666 2302.43910  2.83%  18.2  450s
 1329452 289085     cutoff   58      2369.56666 2302.98438  2.81%  18.2  455s
 1341158 290785 2362.28907   46   81 2369.56666 2303.34505  2.79%  18.2  460s
 1354784 293110 2363.76217   47   37 2369.56666 2303.82575  2.77%  18.2  465s
 1369633 295354 2360.64110   43   64 2369.56666 2304.32474  2.75%  18.2  470s
 1384363 298003 2340.81388   50   65 2369.56666 2304.83867  2.73%  18.2  475s
 1399916 300685 2364.40464   48   81 2369.56666 2305.32109  2.71%  18.2  480s
 1413171 302699 2365.58919   46   49 2369.56666 2305.71760  2.69%  18.1  485s
 1427443 305137     cutoff   51      2369.56666 2306.15346  2.68%  18.1  490s
 1442517 307633 2368.30763   48   37 2369.56666 2306.56137  2.66%  18.1  495s
 1457559 310424 2352.01634   49   63 2369.56666 2307.06181  2.64%  18.1  500s
 1472977 313187     cutoff   51      2369.56666 2307.49993  2.62%  18.1  505s
 1487159 315784 2369.28641   43   49 2369.56666 2307.88943  2.60%  18.1  510s
 1502663 318437     cutoff   51      2369.56666 2308.31555  2.58%  18.1  515s
 1516988 320727     cutoff   46      2369.56666 2308.73485  2.57%  18.1  520s
 1532549 323076 2367.24760   51   62 2369.56666 2309.13080  2.55%  18.0  525s
 1542106 324565     cutoff   47      2369.56666 2309.39746  2.54%  18.0  530s
 1557595 327305 2319.40140   38   49 2369.56666 2309.85672  2.52%  18.0  535s
 1571903 329538     cutoff   44      2369.56666 2310.24847  2.50%  18.0  540s
 1586144 332057 2368.38860   48   64 2369.56666 2310.60049  2.49%  18.0  545s
 1601702 334670     cutoff   43      2369.56666 2311.01237  2.47%  18.0  550s
 1617241 337368     cutoff   46      2369.56666 2311.41896  2.45%  18.0  555s
 1631400 339741 2367.83295   49   64 2369.56666 2311.77107  2.44%  18.0  560s
 1645804 342113     cutoff   50      2369.56666 2312.16603  2.42%  18.0  565s
 1661197 344813 2339.40350   47   64 2369.56666 2312.56049  2.41%  18.0  570s
 1675515 347360 2367.28700   52   65 2369.56666 2312.91957  2.39%  17.9  575s
 1689714 349897     cutoff   47      2369.56666 2313.23493  2.38%  17.9  580s
 1705354 352450     cutoff   41      2369.56666 2313.54693  2.36%  17.9  585s
 1719730 354658 2314.19858   41   64 2369.56666 2313.91061  2.35%  17.9  590s
 1735418 356823 2351.20991   43   36 2369.56666 2314.29912  2.33%  17.9  595s
 1746021 358637     cutoff   48      2369.56666 2314.54977  2.32%  17.9  600s
 1761336 360876 2363.16618   47   49 2369.56666 2314.91178  2.31%  17.9  605s
 1775703 363001 2368.90329   45   80 2369.56666 2315.22540  2.29%  17.9  610s
 1791205 365439     cutoff   40      2369.56666 2315.55974  2.28%  17.9  615s
 1805518 367726     cutoff   40      2369.56666 2315.89235  2.27%  17.8  620s
 1819837 370102 2360.07934   47   25 2369.56666 2316.20376  2.25%  17.8  625s
 1835254 372394 2363.87221   49   64 2369.56666 2316.53475  2.24%  17.8  630s
 1849597 374342     cutoff   41      2369.56666 2316.83347  2.23%  17.8  635s
 1865001 376501 2325.54524   43   81 2369.56666 2317.15480  2.21%  17.8  640s
 1879521 378577     cutoff   45      2369.56666 2317.45082  2.20%  17.8  645s
 1894752 381115 2362.65137   41   64 2369.56666 2317.71711  2.19%  17.8  650s
 1907913 382983     cutoff   51      2369.56666 2317.98099  2.18%  17.8  655s
 1923349 385529 2367.55275   46   64 2369.56666 2318.31634  2.16%  17.8  660s
 1937853 387317 2361.28074   45   59 2369.56666 2318.63411  2.15%  17.8  665s
 1948595 389064 2368.74718   56   44 2369.56666 2318.82978  2.14%  17.8  670s
 1964117 391448     cutoff   43      2369.56666 2319.11803  2.13%  17.7  675s
 1978510 393616 2369.21603   58   46 2369.56666 2319.38855  2.12%  17.7  680s
 1993769 396143 2368.76110   51   81 2369.56666 2319.67705  2.11%  17.7  685s
 2008016 398221 2369.33670   53   36 2369.56666 2319.93617  2.09%  17.7  690s
 2023744 400148     cutoff   50      2369.56666 2320.23592  2.08%  17.7  695s
 2037961 402214 2331.89029   42   64 2369.56666 2320.49495  2.07%  17.7  700s
 2052095 404575 2357.67492   50   65 2369.56666 2320.74899  2.06%  17.7  705s
 2067477 407169     cutoff   44      2369.56666 2321.03335  2.05%  17.7  710s
 2081983 409554 2335.26573   44   81 2369.56666 2321.28161  2.04%  17.7  715s
 2097546 412073     cutoff   47      2369.56666 2321.54738  2.03%  17.7  720s
 2111661 414310     cutoff   49      2369.56666 2321.78179  2.02%  17.7  725s
 2125963 416634 2369.38127   57   79 2369.56666 2322.01241  2.01%  17.7  730s
 2141539 419006 2345.35727   52   80 2369.56666 2322.26258  2.00%  17.6  735s
 2151338 420555 2366.49323   52   49 2369.56666 2322.43652  1.99%  17.6  740s
 2166448 422685     cutoff   43      2369.56666 2322.70310  1.98%  17.6  745s
 2182015 425273     cutoff   48      2369.56666 2322.93944  1.97%  17.6  750s
 2197415 427592     cutoff   43      2369.56666 2323.17122  1.96%  17.6  755s
 2211904 429514     cutoff   40      2369.56666 2323.39429  1.95%  17.6  760s
 2227457 431952 2368.95069   51   50 2369.56666 2323.61747  1.94%  17.6  765s
 2241688 434145     cutoff   48      2369.56666 2323.81296  1.93%  17.6  770s
 2257197 436342 2362.28212   56   64 2369.56666 2324.05132  1.92%  17.6  775s
 2271382 438475     cutoff   59      2369.56666 2324.26006  1.91%  17.6  780s
 2286976 440894     cutoff   44      2369.56666 2324.48870  1.90%  17.6  785s
 2301336 442928 2368.19612   50   37 2369.56666 2324.69210  1.89%  17.6  790s
 2316786 444800     cutoff   44      2369.56666 2324.93500  1.88%  17.6  795s
 2331092 446762 2356.26428   46   64 2369.56666 2325.14423  1.87%  17.5  800s
 2346500 448802     cutoff   53      2369.56666 2325.38221  1.86%  17.5  805s
 2355822 450316 2366.66950   44   48 2369.56666 2325.53222  1.86%  17.5  810s
 2371552 452358 2355.84835   41   36 2369.56666 2325.76838  1.85%  17.5  815s
 2385864 454060 2354.97439   51   64 2369.56666 2325.98354  1.84%  17.5  820s
 2400088 456123 2366.89598   46   64 2369.56666 2326.20145  1.83%  17.5  825s
 2414489 458071 2351.20331   44  100 2369.56666 2326.42904  1.82%  17.5  830s
 2429868 460361 2369.15066   48   81 2369.56666 2326.66560  1.81%  17.5  835s
 2444305 462291 2369.56202   56   64 2369.56666 2326.87975  1.80%  17.5  840s
 2459678 464511 2366.78024   47   50 2369.56666 2327.09683  1.79%  17.5  845s
 2474038 466301 2368.60922   46   49 2369.56666 2327.29093  1.78%  17.5  850s
 2489582 468417 2365.57299   47   64 2369.56666 2327.49233  1.78%  17.5  855s
 2503758 470529 2363.33220   47   82 2369.56666 2327.68077  1.77%  17.5  860s
 2517003 472190     cutoff   48      2369.56666 2327.85691  1.76%  17.5  865s
 2532362 474225     cutoff   42      2369.56666 2328.06690  1.75%  17.5  870s
 2547792 476708 2368.97195   40   36 2369.56666 2328.26851  1.74%  17.4  875s
 2562044 478639 2369.43517   55   48 2369.56666 2328.46227  1.73%  17.4  881s
 2572529 480588 2367.16755   43   77 2369.56666 2328.58337  1.73%  17.4  885s
 2588725 482914 2363.43512   46   50 2369.56666 2328.79435  1.72%  17.4  890s
 2603238 484932 2348.75739   46   64 2369.56666 2328.98114  1.71%  17.4  895s
 2618489 487276 2366.23147   47   64 2369.56666 2329.20230  1.70%  17.4  900s
 2632853 489401     cutoff   53      2369.56666 2329.39338  1.70%  17.4  905s
 2647055 491544 2367.51833   47   50 2369.56666 2329.55038  1.69%  17.4  910s
 2662574 493732 2365.83297   45   49 2369.56666 2329.74936  1.68%  17.4  915s
 2676953 496059     cutoff   47      2369.56666 2329.92866  1.67%  17.4  920s
 2692226 498493     cutoff   50      2369.56666 2330.10144  1.67%  17.4  925s
 2707806 500674     cutoff   52      2369.56666 2330.27525  1.66%  17.4  930s
 2722358 502636 2333.99569   41   64 2369.56666 2330.46153  1.65%  17.4  935s
 2737908 504677     cutoff   47      2369.56666 2330.63908  1.64%  17.4  940s
 2752033 506869 2359.13404   47   49 2369.56666 2330.79444  1.64%  17.4  945s
 2763916 508597     cutoff   46      2369.56666 2330.92167  1.63%  17.4  950s
 2778387 510435 2364.98964   47   49 2369.56666 2331.08855  1.62%  17.4  955s
 2793929 512552     cutoff   58      2369.56666 2331.25198  1.62%  17.4  960s
 2808013 514518 2367.39665   45   37 2369.56666 2331.39430  1.61%  17.4  965s
 2823505 516780     cutoff   46      2369.56666 2331.57504  1.60%  17.4  970s
 2839075 518646     cutoff   48      2369.56666 2331.76032  1.60%  17.3  975s
 2853488 520423 2366.83491   44   36 2369.56666 2331.92173  1.59%  17.3  980s
 2868772 522504 2368.98990   49   36 2369.56666 2332.10435  1.58%  17.3  985s
 2882926 524301 2367.65241   47   36 2369.56666 2332.25431  1.57%  17.3  990s
*2893120 525272              69    2369.5605196 2332.36378  1.57%  17.3  993s
 2898469 526106 2360.25306   51   50 2369.56052 2332.42583  1.57%  17.3  995s
 2912826 527924 2369.37881   60   50 2369.56052 2332.56962  1.56%  17.3 1000s
 2928164 529983 2365.23569   53   50 2369.56052 2332.72394  1.55%  17.3 1005s
 2943608 531902 2333.07338   43   49 2369.56052 2332.88391  1.55%  17.3 1010s
 2953352 533191     cutoff   53      2369.56052 2332.98529  1.54%  17.3 1015s
 2968809 535396     cutoff   58      2369.56052 2333.13922  1.54%  17.3 1020s
 2984310 537505 2367.90226   60   65 2369.56052 2333.31052  1.53%  17.3 1025s
 2998723 539410 2364.00395   57   64 2369.56052 2333.45602  1.52%  17.3 1030s
 3014322 541268 2348.63101   42   49 2369.56052 2333.61013  1.52%  17.3 1035s
 3028724 543227 2357.21133   47  100 2369.56052 2333.75195  1.51%  17.3 1040s
 3043051 544940     cutoff   52      2369.56052 2333.89087  1.51%  17.3 1045s
 3058538 546935 2369.24897   48   49 2369.56052 2334.05803  1.50%  17.3 1050s
 3073986 548577     cutoff   49      2369.56052 2334.21521  1.49%  17.3 1055s
 3089211 550659 2368.98119   43   25 2369.56052 2334.37394  1.48%  17.3 1060s
 3103552 552583 2368.63336   53   37 2369.56052 2334.50856  1.48%  17.3 1065s
 3117867 554354 2359.58823   49   65 2369.56052 2334.63487  1.47%  17.3 1070s
 3133618 556142     cutoff   51      2369.56052 2334.79392  1.47%  17.2 1075s
 3147861 558060     cutoff   40      2369.56052 2334.92210  1.46%  17.2 1080s
 3162182 559789 2353.89533   48   64 2369.56052 2335.05900  1.46%  17.2 1085s
 3170520 560809     cutoff   47      2369.56052 2335.13403  1.45%  17.2 1090s
 3183648 562512 2342.59506   44   82 2369.56052 2335.24416  1.45%  17.2 1095s
 3199191 564425 2368.38244   48   49 2369.56052 2335.38639  1.44%  17.2 1100s
 3214593 566327 2362.43997   44   37 2369.56052 2335.52701  1.44%  17.2 1105s
 3230212 568293 2365.14333   50   81 2369.56052 2335.66160  1.43%  17.2 1110s
 3245372 570424 2363.71345   38   49 2369.56052 2335.78044  1.43%  17.2 1115s
 3259685 572456 2364.41142   51   34 2369.56052 2335.89610  1.42%  17.2 1120s
 3274041 574229 2363.11965   45   64 2369.56052 2336.00267  1.42%  17.2 1125s
 3289537 576184     cutoff   50      2369.56052 2336.13213  1.41%  17.2 1130s
 3305008 578382     cutoff   59      2369.56052 2336.25377  1.41%  17.2 1135s
 3320579 580321 2363.01912   50   64 2369.56052 2336.39152  1.40%  17.2 1140s
 3333739 581952     cutoff   56      2369.56052 2336.49268  1.40%  17.2 1145s
 3349149 583748 2368.19409   52   49 2369.56052 2336.62850  1.39%  17.2 1150s
 3364676 585451 2368.08452   48   36 2369.56052 2336.75124  1.38%  17.2 1155s
 3378859 587298 2368.70080   53   37 2369.56052 2336.85941  1.38%  17.2 1160s
 3388376 588673 2366.98674   50   36 2369.56052 2336.94029  1.38%  17.2 1165s
 3402897 590102 2350.29933   49   64 2369.56052 2337.05594  1.37%  17.2 1170s
 3418537 592078     cutoff   40      2369.56052 2337.18851  1.37%  17.2 1175s
 3433820 593983 2343.80946   41   25 2369.56052 2337.30887  1.36%  17.2 1180s
 3447986 595895     cutoff   46      2369.56052 2337.42365  1.36%  17.1 1185s
 3463627 597836     cutoff   46      2369.56052 2337.54927  1.35%  17.1 1190s
 3479049 599764 2362.98502   41   36 2369.56052 2337.67046  1.35%  17.1 1195s
 3493367 601545 2361.89223   49   49 2369.56052 2337.77344  1.34%  17.1 1200s
 3509030 603395 2355.58066   47   50 2369.56052 2337.88483  1.34%  17.1 1205s
 3524417 605229     cutoff   47      2369.56052 2337.99797  1.33%  17.1 1210s
 3539789 607450     cutoff   52      2369.56052 2338.11065  1.33%  17.1 1215s
 3554128 609386 2340.92741   47   81 2369.56052 2338.21160  1.32%  17.1 1220s
 3568407 610912 2368.38572   46   49 2369.56052 2338.32758  1.32%  17.1 1225s
 3583876 612999     cutoff   54      2369.56052 2338.42946  1.31%  17.1 1230s
 3598060 614915     cutoff   47      2369.56052 2338.52642  1.31%  17.1 1235s
 3613711 616855     cutoff   47      2369.56052 2338.63049  1.31%  17.1 1240s
 3629153 618511     cutoff   45      2369.56052 2338.74661  1.30%  17.1 1245s
 3638893 619591     cutoff   44      2369.56052 2338.81162  1.30%  17.1 1250s
 3654371 621569 2368.84977   45   81 2369.56052 2338.91809  1.29%  17.1 1255s
 3669846 623354     cutoff   45      2369.56052 2339.02953  1.29%  17.1 1260s
 3684175 625411     cutoff   47      2369.56052 2339.12363  1.28%  17.1 1265s
 3699364 627546 2368.68151   51   64 2369.56052 2339.21760  1.28%  17.1 1270s
 3713816 629288 2368.30783   55   65 2369.56052 2339.30862  1.28%  17.1 1275s
 3729416 631359     cutoff   54      2369.56052 2339.41329  1.27%  17.1 1280s
 3743571 633284 2359.83781   44   49 2369.56052 2339.51055  1.27%  17.1 1285s
 3759219 635205     cutoff   40      2369.56052 2339.61097  1.26%  17.1 1290s
 3773435 636810     cutoff   46      2369.56052 2339.70767  1.26%  17.1 1295s
 3787788 638378 2364.16879   54   36 2369.56052 2339.81096  1.26%  17.1 1300s
 3803324 640298 2359.13974   44   36 2369.56052 2339.90446  1.25%  17.1 1305s
 3818781 642149 2351.02194   47   50 2369.56052 2340.00488  1.25%  17.0 1310s
 3834205 643841 2355.61952   38   79 2369.56052 2340.10421  1.24%  17.0 1316s
 3844990 645166 2354.80285   48   82 2369.56052 2340.18142  1.24%  17.0 1320s
 3859196 647084 2361.84386   47   65 2369.56052 2340.27678  1.24%  17.0 1325s
 3874995 648824     cutoff   53      2369.56052 2340.36678  1.23%  17.0 1330s
 3890569 650678 2369.40884   57   65 2369.56052 2340.46640  1.23%  17.0 1335s
 3905977 652544     cutoff   46      2369.56052 2340.56610  1.22%  17.0 1340s
 3921078 654414     cutoff   62      2369.56052 2340.65613  1.22%  17.0 1345s
 3935595 656128     cutoff   48      2369.56052 2340.74644  1.22%  17.0 1350s
 3949929 657890     cutoff   57      2369.56052 2340.83565  1.21%  17.0 1355s
 3965401 659553 2365.02154   40   36 2369.56052 2340.94278  1.21%  17.0 1360s
 3981028 661502     cutoff   52      2369.56052 2341.04586  1.20%  17.0 1365s
 3996549 663295     cutoff   50      2369.56052 2341.14035  1.20%  17.0 1370s
 4008449 664486 2367.76066   51   49 2369.56052 2341.21767  1.20%  17.0 1375s
 4020182 666220 2369.06873   51   64 2369.56052 2341.28297  1.19%  17.0 1380s
 4035740 668218 2341.42780   47   49 2369.56052 2341.37273  1.19%  17.0 1385s
 4051237 670045     cutoff   49      2369.56052 2341.46603  1.19%  17.0 1390s
 4065513 671610     cutoff   43      2369.56052 2341.55370  1.18%  17.0 1395s
 4081144 673234 2359.53864   54   37 2369.56052 2341.63980  1.18%  17.0 1400s
 4095467 674964 2365.06369   45   36 2369.56052 2341.72901  1.17%  17.0 1405s
 4110711 676664     cutoff   53      2369.56052 2341.82308  1.17%  17.0 1410s
 4126261 678355 2342.26225   48   36 2369.56052 2341.90666  1.17%  17.0 1415s
 4141854 680168     cutoff   50      2369.56052 2341.99789  1.16%  17.0 1420s
 4156208 681673     cutoff   44      2369.56052 2342.08429  1.16%  17.0 1425s
 4171617 683392     cutoff   60      2369.56052 2342.17526  1.16%  17.0 1430s
 4185975 684852 2368.45623   45   25 2369.56052 2342.25841  1.15%  17.0 1435s
 4201517 686271 2368.35894   51   64 2369.56052 2342.35019  1.15%  17.0 1440s
 4217107 687972     cutoff   54      2369.56052 2342.43993  1.14%  17.0 1445s
 4229987 689543     cutoff   44      2369.56052 2342.51482  1.14%  17.0 1450s
 4243349 691122 2368.79725   54   69 2369.56052 2342.59255  1.14%  16.9 1455s
 4257854 692475     cutoff   54      2369.56052 2342.67294  1.13%  16.9 1460s
 4272987 694049     cutoff   57      2369.56052 2342.76301  1.13%  16.9 1465s
 4288586 695915 infeasible   46      2369.56052 2342.85111  1.13%  16.9 1470s
 4302864 697426 2368.75787   45   36 2369.56052 2342.94031  1.12%  16.9 1475s
 4318420 699046 2366.17624   60   64 2369.56052 2343.03066  1.12%  16.9 1480s
 4330272 700267 2366.68958   57   50 2369.56052 2343.10357  1.12%  16.9 1485s

